46 38 10 77 3 98 19 11 49 65 88 67 80 23 75 78 82 73 48 93 70 34 97 43 56 79 72 4 30 90 29 100 7 50 36 32 6 45 51 103 15 16 41 87 105 44 9 58 52 59 99 60 8 107 0 5 25 53 47 81 61 39 17 71 63 24 40 2 14 35 37 1 84 33 28 64 26 12 91 62 69 86 94 42 55 106 92 101 85 22 31 74 27 96 54 68 20 104 13 57 18 83 66 21 89 95 102 76
51 103 86 39 27 94 49 35 90 57 33 32 98 64 8 45 6 107 24 60 74 106 91 93 59 38 47 65 31 29 12 34 16 18 68 56 97 78 46 25 62 87 85 55 71 11 53 88 58 105 77 73 17 95 30 80 70 81 43 102 50 75 89 52 67 61 100 83 54 99 15 0 13 37 44 40 101 9 28 69 84 1 2 79 48 22 21 36 4 10 82 23 42 66 72 5 104 7 92 19 96 76 3 14 26 63 20 41
62 12 51 97 90 15 7 104 26 100 75 36 4 27 61 87 9 17 76 2 6 28 37 16 58 59 48 53 45 70 98 67 80 42 10 82 20 47 79 38 54 30 49 84 14 81 65 18 66 69 60 50 22 21 72 64 88 43 101 31 34 99 86 95 71 40 105 0 44 19 78 52 63 102 33 46 5 8 92 55 57 103 1 3 11 74 29 23 91 107 89 68 24 39 41 32 56 25 96 85 93 94 13 77 83 106 73 35
6 29 35 94 0 78 99 30 93 7 61 52 102 72 55 36 24 88 47 51 98 53 65 85 43 31 69 27 8 64 50 60 41 4 77 48 81 62 38 18 91 58 63 14 73 13 107 101 67 76 106 66 21 70 10 22 12 16 28 42 46 9 95 11 100 96 97 23 33 15 74 54 37 59 92 84 39 49 104 56 75 105 57 2 82 80 44 103 40 19 83 90 17 25 26 20 86 71 3 5 34 68 1 89 87 45 32 79
96 39 70 82 51 7 5 74 69 103 80 44 2 21 93 106 27 84 73 28 33 17 85 65 12 107 62 0 48 98 26 97 78 3 41 79 49 92 16 22 56 36 19 10 4 66 76 72 37 25 75 102 105 20 89 71 47 32 6 18 60 45 35 50 40 63 11 104 58 30 57 95 68 54 101 99 91 94 31 87 86 46 61 88 53 14 9 13 1 81 38 100 34 8 59 83 29 77 23 67 43 52 24 42 55 15 64 90
37 40 46 13 100 56 4 64 24 95 50 29 44 93 76 9 99 55 59 57 63 94 54 12 16 52 27 105 102 84 82 104 85 21 42 80 90 38 81 19 33 70 39 66 101 23 68 22 107 87 6 11 30 26 75 0 35 60 79 97 62 92 47 91 48 36 17 14 10 73 18 89 88 31 58 103 2 28 53 15 34 78 49 43 71 5 67 106 7 51 8 25 45 83 20 1 77 65 86 3 32 41 69 98 74 61 96 72
3 80 47 93 50 21 83 56 8 28 74 68 60 54 88 85 1 102 41 12 2 86 59 42 13 46 67 104 43 20 51 25 76 48 91 37 0 7 15 53 29 64 36 107 34 30 52 10 11 35 5 99 57 18 62 6 49 55 4 92 98 94 19 31 14 45 77 17 103 90 26 75 58 32 22 65 82 24 61 72 81 44 27 73 84 40 70 100 33 79 71 78 39 95 63 38 23 105 89 101 87 96 9 97 69 66 106 16
80 19 53 99 61 4 2 67 40 3 105 106 20 14 41 54 75 38 92 7 87 101 52 46 102 66 28 95 65 89 42 69 0 12 100 36 68 6 94 31 55 96 73 16 33 86 60 24 22 85 13 45 98 93 17 37 76 82 81 35 59 32 84 43 29 97 58 10 11 91 30 44 71 47 90 15 25 83 88 77 64 21 56 74 107 48 104 78 5 72 62 27 8 70 34 103 49 1 57 26 79 50 18 9 39 51 63 23
15 92 28 44 14 104 67 79 6 43 72 105 100 89 1 34 94 11 86 64 90 107 87 13 74 101 10 69 3 27 97 83 68 32 22 62 102 54 96 23 30 76 80 99 50 9 95 78 49 52 20 85 0 40 24 41 17 39 77 46 48 106 29 65 81 70 21 53 47 42 66 91 57 19 59 51 12 2 18 60 55 8 16 63 38 45 82 75 71 33 5 35 7 4 61 56 25 103 37 98 84 93 58 36 31 73 88 26
31 94 9 25 97 41 44 82 42 99 19 87 50 79 105 5 2 70 22 102 32 43 92 103 49 88 56 81 90 48 104 12 98 86 78 74 106 60 66 36 76 68 54 91 10 8 0 11 46 24 80 29 27 37 64 15 26 85 72 69 93 3 28 67 95 100 33 84 18 23 21 39 62 17 35 47 96 1 38 57 107 77 71 13 51 20 4 40 73 83 65 55 75 53 52 34 58 101 16 30 61 89 6 7 63 14 45 59
94 90 0 63 99 49 60 76 61 12 93 19 28 18 22 20 70 35 74 54 39 67 103 47 72 91 8 11 15 24 92 79 86 69 2 25 55 71 36 17 102 89 37 4 9 101 98 6 34 27 105 106 51 68 3 10 81 80 88 75 30 97 85 77 53 16 73 7 5 64 40 38 87 42 26 29 57 41 83 82 58 100 13 31 95 52 107 43 96 1 32 84 48 56 104 14 33 78 66 45 23 65 50 46 21 44 59 62
13 35 56 98 41 16 38 0 71 44 107 90 14 49 95 67 15 8 29 22 11 75 50 32 100 39 25 10 74 36 106 84 53 105 79 46 103 55 86 63 18 45 94 104 58 1 59 9 6 97 78 5 26 34 85 17 40 87 83 91 101 42 43 3 89 73 4 33 7 76 70 24 96 68 27 66 48 92 21 81 72 20 28 60 2 64 61 99 77 47 102 80 62 37 51 69 31 93 52 12 88 30 54 65 82 23 19 57
74 2 106 71 92 32 79 12 64 10 97 85 72 84 86 68 66 61 94 6 89 21 95 5 4 78 39 15 20 56 1 9 13 7 96 57 18 49 53 54 70 81 104 24 76 28 30 55 99 73 42 65 41 44 31 45 3 47 82 80 29 27 37 63 91 77 60 19 40 87 22 105 90 38 46 34 8 0 98 25 83 101 50 51 16 23 52 33 103 26 35 58 36 107 62 100 69 43 93 11 102 48 14 17 88 59 67 75
11 73 65 5 85 82 63 105 75 42 40 93 83 98 28 23 29 91 81 38 88 39 69 8 6 71 104 72 17 32 99 31 12 87 107 14 54 50 68 47 43 33 34 96 77 3 49 19 15 21 7 79 90 16 80 66 94 57 22 100 55 84 30 26 62 95 106 74 46 27 76 59 1 92 97 86 103 36 78 52 61 35 10 9 67 24 25 4 70 13 51 44 89 20 101 102 41 18 0 37 45 53 2 48 64 60 58 56
70 47 99 26 8 28 34 27 94 68 17 25 11 7 102 105 92 69 52 67 44 38 80 73 81 19 63 56 54 61 48 72 51 39 15 13 43 76 101 50 90 32 60 3 2 22 18 57 93 106 45 14 91 62 58 104 83 98 55 84 96 87 97 66 6 30 89 5 0 65 41 82 77 79 53 71 88 86 107 103 95 24 100 40 29 4 42 20 75 74 36 16 85 49 64 10 59 21 33 35 78 23 12 1 37 9 31 46
8 44 45 83 71 2 82 90 78 30 22 61 84 102 87 103 11 19 53 35 55 79 75 62 23 98 93 12 10 47 72 36 77 70 14 65 29 57 6 37 0 24 64 43 15 41 51 86 13 40 73 42 39 91 52 9 31 76 32 68 21 96 46 80 105 20 81 89 49 3 1 94 38 58 17 7 104 88 100 5 63 67 99 27 66 60 18 107 56 95 16 92 69 33 48 97 50 34 59 28 106 74 26 85 101 4 54 25
30 66 37 51 57 11 16 32 68 46 29 72 23 92 45 97 48 47 38 85 35 84 58 2 5 106 33 94 78 43 67 44 1 22 19 89 40 79 4 59 34 0 91 7 98 100 28 65 60 41 74 31 81 13 77 105 90 3 26 96 87 103 20 82 54 10 83 56 21 25 101 104 102 63 99 24 93 71 39 86 18 64 8 95 12 88 53 42 80 62 15 14 49 50 76 55 107 17 9 73 75 70 52 27 61 69 36 6
55 33 74 73 105 35 87 84 107 45 14 53 48 34 77 52 90 2 91 26 27 4 21 72 101 51 88 98 13 62 37 94 44 29 20 69 19 106 95 10 96 75 42 100 103 104 39 66 63 30 56 25 1 64 7 11 8 59 92 85 71 78 0 99 22 93 5 6 61 18 60 83 97 9 15 32 46 80 47 79 89 76 65 102 54 50 23 28 41 24 49 81 3 38 57 36 70 16 17 43 31 40 82 12 68 67 86 58
68 30 44 79 22 60 84 61 35 31 67 95 47 10 104 28 106 58 97 29 78 37 83 23 103 72 38 39 64 34 36 56 93 1 32 63 12 46 45 3 11 91 99 80 65 88 14 2 53 43 102 90 42 6 100 19 57 27 86 4 107 33 82 92 52 94 69 73 9 17 5 18 26 71 41 96 59 70 8 74 16 49 101 105 40 21 15 76 98 77 25 87 20 85 50 75 89 13 48 51 0 54 7 24 62 81 55 66
65 7 69 103 55 24 0 63 34 21 9 10 51 105 60 43 36 15 25 76 41 95 44 88 84 14 49 29 19 57 62 64 79 106 16 53 17 68 107 5 40 99 4 31 102 39 94 13 26 101 97 75 20 50 87 18 96 73 100 66 78 89 6 23 61 32 42 12 59 2 47 93 91 8 70 81 86 37 71 92 28 90 46 104 52 38 54 58 72 3 77 67 56 98 35 33 27 85 45 1 30 82 83 80 48 22 11 74
99 97 38 27 56 46 41 52 87 66 25 98 7 103 94 10 35 68 102 48 30 40 57 59 104 80 82 33 12 6 34 70 54 90 17 93 2 44 72 95 69 88 43 61 60 79 73 32 81 47 8 91 19 4 23 50 63 71 84 106 67 107 16 83 31 15 39 45 96 24 75 22 100 21 36 105 55 64 65 29 74 11 51 49 62 9 101 14 37 20 42 89 18 13 5 3 0 76 85 86 26 28 92 78 77 58 1 53
71 49 104 91 101 6 70 38 77 19 47 103 37 4 27 53 98 26 50 87 34 12 17 99 45 29 80 83 100 60 78 42 66 5 54 95 36 25 67 73 88 82 28 72 69 52 90 30 40 13 43 35 3 2 76 84 56 65 24 58 15 51 48 94 68 89 8 55 16 62 9 107 21 20 86 41 106 23 11 105 93 7 44 32 92 18 1 102 31 59 61 96 79 64 74 63 75 14 39 81 97 22 33 0 10 46 57 85
86 62 83 80 18 47 36 97 65 58 15 73 96 57 10 102 39 52 9 11 61 71 43 92 50 37 105 101 22 103 53 38 42 16 8 59 66 70 56 4 51 40 35 60 23 14 41 5 7 98 94 104 2 45 68 3 93 79 13 34 85 91 81 89 17 28 90 44 26 82 12 20 69 29 6 100 33 32 25 107 49 88 31 76 24 1 75 67 46 0 74 95 54 106 87 30 63 84 77 72 48 21 78 55 27 19 99 64
36 74 43 69 93 89 71 81 102 88 92 42 16 0 30 13 91 50 28 41 47 80 72 18 15 44 101 78 25 94 90 39 48 49 46 51 35 63 105 8 65 107 96 73 22 5 37 45 85 38 67 83 59 86 20 103 62 40 64 24 104 79 58 19 99 29 98 3 76 9 61 53 82 97 68 27 87 21 23 95 32 54 33 26 57 12 17 2 60 106 55 1 100 52 56 77 6 75 4 31 10 14 84 34 70 11 66 7
97 72 67 78 69 19 54 85 5 35 62 34 101 50 36 84 3 92 1 82 96 76 26 37 75 74 70 30 88 10 73 80 89 103 61 68 41 86 48 99 81 15 105 12 100 32 106 7 104 9 46 40 28 87 8 25 91 107 21 23 39 66 42 33 55 0 71 49 27 20 77 11 31 44 79 16 63 6 24 98 53 14 52 29 22 13 59 90 57 17 93 65 2 58 83 60 64 95 38 94 56 47 4 18 102 43 51 45
87 63 66 9 62 27 37 86 47 59 20 14 76 83 106 57 54 39 19 78 101 31 46 36 70 84 11 75 23 53 105 6 60 30 72 10 94 21 42 1 38 95 55 26 51 97 103 28 82 4 64 17 33 89 67 24 0 77 85 40 49 56 93 79 50 35 29 61 48 16 52 90 25 43 88 74 7 44 22 12 45 102 81 34 73 104 13 96 99 92 18 5 98 3 68 65 8 2 58 91 107 80 41 100 32 71 69 15
98 51 39 14 86 106 32 87 2 93 90 102 33 80 73 79 37 21 58 17 105 54 24 40 96 36 89 77 56 81 4 48 97 52 28 78 101 61 75 27 46 57 47 25 74 45 70 41 19 83 103 92 11 5 95 60 9 99 16 29 84 34 71 13 88 76 62 94 22 107 6 63 18 53 10 85 0 67 55 91 42 43 69 23 49 31 65 30 50 12 59 66 104 100 3 64 44 68 26 7 20 35 15 38 1 82 72 8
75 104 93 20 1 25 43 14 60 81 85 91 79 2 21 55 4 27 34 70 17 36 64 95 39 42 5 3 82 8 96 87 47 80 38 40 74 59 92 26 94 102 100 86 45 65 54 103 106 10 63 62 9 48 33 68 77 18 50 71 52 12 41 61 35 49 56 32 24 13 46 73 30 66 11 23 89 31 76 51 78 28 6 15 97 101 88 83 107 90 44 7 0 84 58 98 19 57 29 53 69 72 99 16 22 37 105 67
104 45 8 37 72 14 73 95 51 6 35 59 10 81 13 18 78 76 23 4 85 2 41 39 38 54 7 50 107 92 40 74 64 65 26 87 42 94 88 101 68 43 21 98 44 12 16 25 91 48 100 71 24 36 57 56 89 105 3 79 58 62 9 103 102 22 67 97 69 34 86 80 55 99 0 33 90 5 1 46 19 27 11 30 75 28 31 17 29 66 47 49 63 77 60 106 32 82 70 15 53 20 61 93 52 83 84 96
59 3 85 43 31 55 52 89 84 70 16 5 61 42 92 33 13 60 11 18 86 50 81 54 82 21 58 19 39 1 0 102 99 17 97 98 15 88 77 57 6 79 40 38 41 75 63 67 48 45 91 9 94 100 73 47 46 90 107 26 12 65 8 51 7 23 25 35 64 37 44 78 76 22 71 10 66 34 96 20 62 72 32 24 14 36 2 104 28 68 30 56 53 93 95 80 4 74 27 69 49 103 106 87 105 29 101 83
16 18 60 41 79 88 75 3 52 15 37 49 55 36 23 62 87 31 35 32 20 96 90 101 66 100 91 24 0 107 70 92 74 25 105 42 53 40 50 102 8 2 106 45 97 6 12 21 83 17 44 81 5 73 1 63 95 54 94 82 10 77 13 78 103 14 72 68 86 4 7 56 27 39 48 61 38 65 59 47 80 30 34 28 85 51 57 26 89 104 29 43 84 76 69 22 71 58 98 9 19 11 67 64 33 93 46 99
9 48 105 36 29 96 80 91 104 18 64 66 74 44 107 51 58 30 42 55 79 25 77 89 106 3 98 76 1 86 63 13 94 67 40 70 38 41 71 7 39 53 69 19 95 99 47 81 84 60 50 16 68 35 12 31 15 92 62 2 65 54 49 6 20 83 57 101 52 100 85 34 24 5 45 75 37 27 4 32 102 82 22 10 78 26 28 61 21 87 0 59 90 72 93 46 11 56 88 23 17 97 103 43 8 33 14 73
92 89 87 74 40 12 26 16 67 80 96 1 42 41 37 98 84 82 101 30 9 51 49 11 83 43 52 48 73 13 77 105 65 8 18 0 79 72 61 76 58 14 56 59 70 24 55 20 78 95 90 93 54 33 47 46 50 4 15 103 81 7 36 45 94 19 99 27 57 97 38 32 53 6 69 17 85 22 34 31 23 62 29 21 60 66 106 91 63 75 10 39 64 68 107 2 28 100 71 44 5 88 102 104 25 35 3 86
79 17 75 68 67 63 96 34 46 48 1 71 26 59 35 29 53 101 57 45 4 42 60 74 65 61 16 20 83 51 52 106 81 97 94 54 77 85 89 55 5 13 103 93 7 43 84 62 80 88 40 39 25 32 27 98 64 104 49 87 105 18 100 24 41 78 9 11 3 47 50 58 72 0 2 28 22 82 44 70 73 69 23 86 37 33 36 12 6 8 90 107 91 15 92 19 10 102 14 38 66 99 21 56 30 31 76 95
105 85 59 42 104 73 14 33 19 38 65 24 77 17 81 8 71 45 27 107 21 0 62 83 69 58 94 99 68 18 20 1 96 102 88 52 37 82 70 67 16 80 13 92 6 47 86 49 10 90 61 101 40 11 43 95 84 64 75 22 2 26 50 55 66 98 51 93 100 28 103 31 44 46 60 12 41 29 32 106 5 39 30 25 63 91 79 53 87 35 72 36 4 48 7 9 57 15 34 56 3 78 76 23 54 97 74 89
67 11 3 102 107 17 53 1 18 24 28 64 85 94 33 99 20 10 30 15 16 68 51 50 97 93 84 41 44 72 43 96 105 45 55 38 23 104 100 70 95 71 22 42 52 36 92 40 65 6 47 21 78 31 86 87 5 89 46 7 91 76 4 74 27 25 63 29 81 0 59 98 103 57 9 62 73 54 60 75 88 13 106 39 80 58 77 48 66 34 12 8 35 101 19 49 90 37 69 14 82 26 56 61 79 32 83 2
23 53 41 31 94 99 22 54 50 84 103 2 95 30 24 3 19 71 61 105 107 27 38 25 77 26 81 90 89 11 18 15 52 55 0 7 21 98 10 9 74 4 6 37 46 35 58 70 44 104 57 51 56 28 106 83 100 91 59 73 64 49 32 101 85 5 87 47 93 72 82 40 78 48 20 69 79 13 102 43 65 36 88 96 42 29 33 1 45 76 14 34 12 80 97 17 66 86 75 62 68 63 39 8 67 92 16 60
5 61 16 28 70 45 25 80 81 63 30 38 21 75 32 59 26 83 89 88 60 18 2 24 41 22 79 91 98 101 17 55 56 107 86 6 34 65 78 15 93 100 10 36 54 68 23 39 4 66 69 94 84 9 50 7 87 67 52 48 103 104 12 73 106 58 74 46 102 29 0 97 3 1 105 72 31 19 82 85 96 42 76 57 33 43 49 64 20 37 53 62 92 11 99 71 51 35 8 13 47 90 40 95 14 27 44 77
89 0 20 72 76 85 11 21 86 34 100 37 99 40 84 69 95 7 16 13 57 14 36 97 28 1 18 61 106 39 47 22 103 51 27 35 31 5 3 2 25 92 107 29 55 82 62 73 54 23 101 53 43 105 60 58 68 46 44 64 83 90 88 93 79 71 48 87 77 94 32 10 15 12 42 49 30 52 9 65 59 50 74 56 8 19 45 41 81 38 4 70 66 17 96 6 91 67 24 33 63 75 98 26 104 102 80 78
52 4 26 1 64 97 93 103 105 60 57 75 94 48 62 61 22 25 83 72 10 13 68 28 27 11 12 18 29 38 86 23 87 14 69 44 82 58 90 65 31 78 5 41 53 19 17 37 50 80 85 33 15 43 40 74 55 8 98 39 24 0 54 104 45 66 20 63 51 92 73 9 107 30 106 88 3 47 16 84 77 34 89 35 102 96 76 59 79 71 67 32 6 2 49 95 101 46 21 100 91 56 36 81 7 99 42 70
47 5 107 50 32 83 106 73 7 97 13 65 49 38 52 100 74 42 43 104 59 20 89 26 85 56 44 84 95 45 28 53 62 66 31 27 16 30 57 81 19 22 29 101 63 76 82 35 21 15 33 24 34 8 39 94 11 23 67 25 77 58 51 96 4 2 0 98 12 54 10 36 40 78 55 1 60 46 80 64 105 99 86 14 18 6 48 9 3 41 79 61 71 103 75 92 93 69 102 87 70 17 37 91 72 88 90 68
84 64 36 30 11 9 20 69 55 56 86 77 65 32 7 42 68 46 6 23 19 87 28 70 37 73 100 35 41 71 107 66 3 96 4 91 24 31 98 97 50 60 0 39 29 15 22 26 62 16 88 47 12 76 63 8 51 52 74 105 79 48 27 54 33 43 75 72 90 67 14 106 104 81 18 21 34 10 89 53 82 57 45 44 59 92 78 38 17 40 95 99 61 102 2 58 13 49 80 83 85 5 25 103 94 101 93 1
83 78 54 34 106 80 64 72 9 13 98 23 32 29 90 41 47 40 31 74 68 33 93 6 86 27 46 107 99 105 7 21 22 2 5 30 28 100 25 96 61 94 17 35 85 67 102 82 77 57 12 15 18 49 55 79 52 103 91 3 66 11 24 58 73 75 19 62 95 8 53 70 101 10 38 76 71 56 51 59 26 37 43 0 36 65 14 16 88 42 20 104 1 69 89 84 48 81 97 63 44 87 45 4 60 50 39 92
58 77 23 29 49 57 27 92 83 8 52 46 64 61 59 19 104 74 40 63 99 9 22 0 3 32 106 70 6 16 35 51 72 71 90 85 14 95 47 100 13 28 20 15 56 33 78 54 89 18 21 103 38 39 34 107 73 2 1 94 45 102 11 7 86 41 101 75 66 50 93 67 81 25 82 91 97 62 87 36 60 26 42 5 105 37 69 10 53 43 80 30 96 44 84 48 65 12 55 17 4 79 88 31 76 24 68 98
103 15 18 8 81 107 9 78 54 11 53 4 5 31 57 60 63 89 87 80 14 58 19 51 91 23 40 85 35 82 59 16 17 101 84 39 50 20 83 64 52 66 74 48 28 0 88 93 36 56 30 95 69 12 46 44 102 49 38 55 75 70 104 86 92 72 61 22 2 96 29 7 34 24 1 106 105 25 33 71 99 6 21 41 94 62 3 68 76 67 27 13 97 43 90 73 26 47 79 32 42 77 100 45 98 10 37 65
100 28 15 81 47 37 98 50 70 17 101 76 88 46 16 1 45 34 82 33 54 97 63 87 21 68 74 106 2 40 103 73 75 35 58 66 64 0 18 48 72 11 61 30 27 26 105 23 92 29 14 7 60 22 102 12 53 84 95 49 43 4 90 32 39 6 107 20 89 55 104 51 79 62 31 59 69 85 77 67 25 65 41 52 83 8 38 71 36 93 56 94 5 57 91 78 80 96 19 10 13 86 42 44 99 3 9 24
0 95 5 58 74 20 50 99 33 16 79 43 97 45 103 48 46 41 54 62 83 90 25 7 98 6 42 64 70 59 87 75 106 56 23 11 72 18 1 66 26 61 86 78 36 107 57 68 9 91 24 89 85 77 44 32 29 38 35 8 3 101 15 76 60 67 92 37 13 71 27 96 73 34 12 2 17 40 81 28 52 4 19 47 100 93 51 84 22 94 104 69 80 55 102 31 88 39 82 49 65 105 63 10 53 21 30 14
40 14 6 53 45 22 90 48 25 78 21 104 18 106 80 89 42 16 3 58 23 72 82 10 99 92 1 62 61 15 38 57 27 88 52 76 60 2 43 13 66 74 26 51 64 34 31 97 101 20 35 41 83 69 32 29 4 12 0 47 63 100 5 70 75 59 93 36 8 33 19 102 50 7 98 9 67 39 17 30 79 94 96 46 87 68 95 73 84 11 28 91 86 54 65 105 85 44 103 77 37 24 81 49 56 107 71 55
93 31 77 49 52 74 86 47 58 33 51 83 17 39 50 46 16 56 0 20 53 65 66 79 92 87 2 32 4 9 14 26 23 6 95 3 57 90 24 45 106 105 101 44 89 73 85 94 29 28 70 84 96 27 82 76 72 100 104 37 8 41 21 69 5 81 38 103 25 63 67 99 61 36 30 80 11 55 48 78 97 98 102 64 1 7 40 35 62 60 107 75 10 34 15 43 42 59 18 68 22 12 71 13 19 54 91 88
64 21 100 48 43 10 1 55 0 79 66 30 40 11 68 73 101 78 71 95 49 89 32 69 9 82 19 102 97 75 84 52 91 23 93 104 4 12 85 77 98 56 2 74 96 57 13 34 8 58 62 72 63 42 59 53 6 44 33 45 25 36 31 106 51 27 50 24 15 86 80 92 99 103 81 38 94 3 54 88 22 18 5 20 26 76 37 60 67 70 17 28 16 14 39 35 7 41 83 46 29 61 65 47 90 87 107 105
60 69 55 40 6 86 46 45 36 64 5 81 9 24 48 107 88 23 21 89 50 29 11 35 22 57 83 28 62 74 3 63 70 0 53 75 44 13 30 14 41 85 77 54 8 92 87 51 39 79 31 2 71 19 37 20 32 78 27 98 1 95 34 4 25 91 49 59 72 43 33 103 47 67 96 102 68 97 66 61 104 38 12 84 106 17 58 56 26 100 101 76 94 16 18 99 15 73 90 82 52 7 10 105 93 42 65 80
1 26 2 16 4 105 59 66 28 85 48 58 19 65 70 31 96 53 62 3 72 32 35 44 76 17 55 74 60 33 6 43 14 38 106 23 67 81 0 71 22 93 97 47 25 83 15 50 86 78 79 36 10 75 88 52 41 101 63 99 73 21 40 29 49 68 34 64 39 103 100 45 51 104 54 8 84 107 42 27 92 61 20 12 9 30 46 95 90 5 13 98 82 89 11 94 37 91 56 18 80 69 77 102 57 7 24 87
39 106 79 101 48 67 29 20 30 83 43 3 68 58 40 17 105 22 14 94 77 85 7 86 57 5 32 71 76 91 33 49 36 26 47 34 92 73 99 84 44 54 62 81 35 21 6 56 0 8 104 96 107 65 15 51 42 41 37 72 27 61 102 1 18 69 88 82 31 59 25 2 66 100 63 78 64 38 90 13 46 87 24 45 19 10 12 70 93 80 75 97 95 23 9 74 55 60 11 89 50 4 16 53 28 98 103 52
69 36 7 47 75 84 35 70 80 91 44 17 78 97 63 21 33 51 15 100 48 3 74 107 55 102 95 2 72 25 22 40 11 62 50 19 30 96 12 6 57 31 79 85 39 58 1 105 18 68 81 38 89 103 61 49 45 0 71 86 56 64 77 60 10 90 104 8 99 98 42 23 32 26 14 94 65 73 5 41 24 59 54 83 4 82 16 34 43 53 37 101 29 9 66 67 87 88 106 27 28 13 93 52 46 76 92 20
90 60 42 59 95 75 24 36 44 77 81 86 92 6 97 7 25 54 46 10 45 26 5 29 89 28 71 55 14 96 93 58 20 104 21 33 13 8 76 12 2 52 9 50 37 85 27 43 38 67 65 100 32 101 98 61 106 30 57 62 74 31 39 41 16 87 66 79 1 40 105 3 64 4 51 68 70 35 49 99 56 23 53 107 17 83 19 72 94 82 69 103 22 47 0 88 102 80 84 78 73 18 11 63 34 48 15 91
17 57 50 84 19 29 61 49 41 104 70 101 30 67 3 27 85 5 66 31 15 92 71 91 53 94 51 54 79 99 65 37 63 36 35 105 10 11 58 33 7 69 25 1 38 80 32 12 59 103 76 56 97 90 42 96 39 6 14 44 13 68 73 34 24 60 86 21 74 45 72 88 28 83 40 82 20 48 26 2 8 55 75 98 0 102 81 89 78 64 23 9 87 46 100 16 52 106 43 93 95 62 107 22 4 77 18 47
66 91 11 106 20 5 100 6 101 41 60 78 62 87 96 81 79 48 77 84 69 59 102 76 0 40 9 14 26 12 85 18 37 46 63 1 65 83 22 89 4 49 32 68 43 71 67 52 97 44 17 55 36 94 90 28 21 72 103 88 53 25 92 107 82 64 27 16 70 57 58 30 56 93 74 73 61 42 105 3 54 75 7 38 104 86 98 50 15 99 45 29 19 10 23 8 2 31 51 34 24 39 35 33 47 80 95 13
95 55 98 64 16 43 94 106 91 1 39 62 105 22 44 25 81 100 33 5 38 99 20 61 52 50 86 68 85 19 88 47 83 82 87 12 48 15 40 29 53 26 102 58 92 49 46 14 71 42 36 69 6 72 28 77 18 13 54 90 76 73 101 59 70 80 31 107 32 56 4 84 8 35 65 97 10 89 103 9 2 41 3 37 23 67 30 93 24 63 60 57 78 45 17 79 34 27 7 0 74 66 96 75 51 104 21 11
43 96 64 46 65 79 69 58 48 22 99 51 104 52 101 95 31 18 26 47 62 44 16 98 2 34 29 97 91 85 83 54 59 94 45 84 105 39 55 60 32 3 88 57 11 53 36 0 1 49 87 67 86 63 14 38 71 75 93 21 28 40 23 42 90 37 7 66 4 80 56 33 6 15 5 77 107 102 74 76 10 68 70 92 103 35 50 19 100 73 81 12 72 24 27 41 9 30 25 61 89 106 8 82 78 20 13 17
29 82 34 54 77 100 51 102 99 25 83 28 73 33 43 37 59 65 5 71 40 56 6 20 1 2 90 60 96 46 44 89 58 98 67 22 107 27 97 16 78 63 75 32 91 64 11 92 55 0 86 68 23 85 49 88 61 17 36 104 7 105 79 57 84 47 80 50 19 52 35 13 94 3 8 45 18 66 30 42 38 53 93 87 41 81 24 39 69 21 26 31 103 74 4 62 14 48 15 70 72 95 101 76 106 12 10 9
50 54 30 65 102 18 10 100 27 39 56 69 6 66 19 44 89 29 68 1 37 98 33 82 63 85 75 59 51 21 80 3 25 78 81 72 47 9 64 58 79 41 14 22 20 87 7 104 16 31 2 0 45 61 38 26 107 5 97 67 4 93 96 53 46 55 12 91 101 88 17 76 70 94 34 90 40 105 35 8 43 74 83 11 32 15 99 49 23 48 57 106 60 71 28 24 103 52 95 84 77 92 73 86 42 13 62 36
85 37 92 104 7 91 55 18 10 69 3 15 29 43 2 39 67 12 36 81 22 64 105 57 79 33 103 38 47 14 66 62 88 93 24 73 98 26 32 68 42 46 45 20 78 72 89 83 90 71 34 82 101 60 53 54 59 96 102 70 0 52 94 27 19 1 44 25 17 84 23 86 48 80 107 30 56 100 6 50 13 51 4 106 76 95 11 31 74 65 21 40 41 75 8 87 97 63 99 58 9 49 28 35 16 5 77 61
2 22 91 76 25 102 107 94 63 90 24 57 56 85 39 30 93 95 51 46 58 103 34 15 68 99 4 47 50 17 19 61 40 53 98 8 71 3 80 78 1 65 52 82 84 105 38 33 41 89 49 27 73 14 6 75 23 69 31 54 5 28 66 100 13 106 26 42 92 21 96 72 9 45 64 35 83 43 101 0 29 32 77 81 20 44 87 88 48 16 7 37 11 97 12 59 67 70 62 36 104 55 79 74 18 86 60 10
91 25 71 10 78 33 13 19 62 37 68 96 81 99 53 82 44 80 103 43 5 102 45 77 60 64 14 66 63 69 31 50 55 100 56 18 88 23 73 11 101 59 3 70 40 84 29 106 17 92 27 107 49 58 41 30 20 97 51 83 47 98 74 12 0 4 35 39 105 48 89 26 2 16 52 67 24 72 94 90 15 95 85 8 34 75 86 65 32 57 87 79 28 104 6 21 22 61 76 42 38 36 46 54 9 1 7 93
49 41 58 57 39 70 42 5 12 50 31 35 43 1 69 83 100 96 67 8 82 61 27 81 90 63 87 46 18 3 64 19 28 89 80 71 45 66 60 44 107 6 15 88 47 59 79 77 76 72 25 97 93 17 9 2 33 34 23 38 36 53 68 75 101 56 95 51 29 10 106 74 54 105 62 0 52 20 84 40 7 16 92 48 65 11 103 37 86 55 91 73 32 21 14 26 24 94 78 102 99 98 104 30 13 85 4 22
19 67 13 60 58 81 74 107 22 0 34 40 41 51 82 72 73 59 96 101 75 48 3 4 33 70 102 1 7 66 55 77 32 28 83 15 56 37 93 39 23 62 92 97 18 27 2 16 35 94 54 12 87 52 71 65 103 21 80 76 31 29 98 8 78 84 91 86 85 14 68 69 95 106 57 6 53 30 20 38 36 45 17 90 64 42 26 63 105 61 9 24 99 79 47 25 43 5 104 88 46 10 49 11 100 89 50 44
56 16 25 107 83 87 77 51 74 20 49 31 90 60 98 76 12 75 55 103 104 91 48 105 30 7 78 63 67 65 61 41 21 40 99 45 22 64 9 46 47 44 84 5 106 4 101 17 2 37 89 3 95 96 69 13 80 86 68 19 42 24 62 14 34 39 54 58 43 93 8 100 52 27 73 11 29 59 50 102 85 66 97 71 15 32 94 92 35 28 70 26 38 1 53 82 36 72 10 79 33 57 0 88 81 6 23 18
35 65 24 75 33 52 8 7 32 101 18 0 107 55 85 11 61 87 64 14 100 10 76 90 93 96 6 82 66 78 16 2 95 31 59 77 51 97 21 34 92 72 89 103 80 42 56 29 3 54 23 58 102 83 25 73 99 37 40 60 20 74 91 9 1 46 28 71 88 41 48 43 67 50 104 63 47 26 106 45 98 15 79 70 13 57 5 22 49 44 39 19 68 105 86 53 62 38 81 4 94 84 30 69 36 17 12 27
18 100 76 33 73 101 102 71 16 14 63 6 52 78 49 12 41 20 60 86 42 35 39 94 62 45 99 57 34 88 68 81 8 75 1 24 7 19 13 61 28 9 90 56 107 37 5 46 74 53 95 59 31 10 22 27 38 93 66 15 80 55 64 98 21 51 82 30 79 83 65 77 4 11 23 54 50 69 97 104 103 58 87 91 89 47 85 44 92 29 105 2 67 32 25 0 106 26 72 48 36 3 70 96 17 84 43 40
53 50 19 23 24 92 58 41 4 61 91 60 103 74 64 38 77 14 84 73 56 70 13 49 34 105 3 8 69 63 81 7 82 10 39 17 93 87 104 90 20 55 31 102 21 95 71 98 94 2 37 57 44 47 66 100 75 62 99 9 86 80 76 48 83 52 18 106 28 78 88 65 22 101 32 36 45 68 79 1 0 33 26 85 72 89 43 97 59 96 54 46 15 42 30 11 12 40 35 29 27 51 5 67 6 16 25 107
14 81 4 86 37 64 21 53 45 29 55 107 89 95 51 88 10 9 72 27 0 69 98 41 25 65 24 43 46 2 30 20 50 15 92 31 91 22 34 35 12 5 71 63 32 93 26 36 103 84 48 80 77 3 74 97 1 94 105 61 106 44 75 47 57 8 102 85 56 104 11 42 60 76 19 79 54 18 70 33 87 83 58 67 101 90 6 52 13 49 66 38 73 7 82 96 17 62 28 59 40 16 68 99 23 78 100 39
21 98 63 12 15 72 23 68 11 94 73 33 75 88 89 104 34 36 49 59 102 22 55 100 95 13 54 52 77 41 71 91 84 43 74 64 62 10 31 51 99 35 70 106 1 56 69 96 57 61 93 28 50 97 65 4 58 20 53 27 17 82 26 0 2 38 24 67 107 46 79 87 7 18 29 14 42 16 19 44 90 92 9 66 5 78 83 45 8 39 6 86 40 60 105 37 30 3 32 76 81 85 48 101 80 25 47 103
77 24 89 38 28 71 104 42 96 74 8 16 12 3 78 65 97 86 70 39 51 47 23 17 10 18 0 13 53 35 15 14 43 76 25 60 46 32 20 75 45 67 83 21 88 61 99 4 95 64 107 49 82 57 2 102 48 56 9 52 72 81 106 90 93 44 30 41 50 36 55 62 33 98 103 37 92 63 85 6 11 29 73 80 69 87 100 54 19 7 34 105 58 31 1 101 84 66 68 22 59 27 94 79 40 91 26 5
88 13 101 17 68 34 28 40 76 87 71 22 59 104 26 49 65 0 4 69 103 77 100 14 80 41 96 79 32 83 24 45 90 74 82 61 99 52 63 21 86 106 7 23 3 48 20 38 75 12 15 1 62 30 29 67 43 19 89 36 51 57 55 37 42 11 10 18 78 5 39 27 46 84 66 56 35 53 95 97 33 93 72 6 25 85 91 47 9 58 94 64 70 73 81 44 98 50 105 16 54 102 60 92 107 8 2 31
12 23 17 32 46 48 65 4 66 72 6 84 31 69 100 77 40 43 10 42 1 88 53 33 8 24 45 51 11 50 91 28 30 73 71 9 27 101 102 93 36 47 44 49 26 103 81 79 68 96 16 87 104 98 70 39 86 95 41 78 54 67 63 35 76 92 37 13 55 106 3 64 85 107 56 25 75 90 58 18 20 60 38 7 99 2 97 80 61 14 22 0 83 59 21 52 82 29 74 105 57 15 89 62 5 94 34 19
27 88 33 67 53 54 30 83 13 76 2 39 71 37 0 92 7 66 79 106 65 11 15 84 24 104 60 25 93 49 102 46 45 68 101 50 87 105 26 72 89 17 59 90 94 29 96 80 73 107 4 19 103 51 5 62 69 58 34 10 44 1 70 64 47 42 41 43 97 81 20 6 86 85 78 31 74 98 99 35 3 56 55 77 28 63 22 8 14 32 52 48 9 61 40 18 21 23 36 95 16 38 91 57 75 100 82 12
81 84 68 62 38 90 97 10 73 75 82 45 25 96 5 66 107 28 2 19 80 24 67 56 51 103 92 31 52 95 94 93 6 72 104 47 89 14 54 32 9 8 76 79 12 40 4 102 64 3 55 86 88 41 21 48 7 15 78 65 57 35 69 46 74 26 85 100 23 11 13 60 29 70 83 42 77 87 27 58 106 17 37 22 61 49 39 18 44 36 98 50 101 30 16 91 99 20 63 71 105 1 34 59 43 53 33 0
72 43 48 0 59 93 66 98 21 54 104 41 34 91 17 74 69 94 56 97 52 73 31 63 36 86 85 26 71 80 32 65 15 84 3 67 33 107 29 49 82 90 50 89 13 102 100 64 42 99 1 78 70 46 16 57 27 25 8 101 40 30 53 10 96 12 6 92 38 79 24 68 14 87 95 58 76 103 45 7 39 9 62 75 88 77 35 81 11 18 19 83 105 28 106 23 5 4 22 47 60 44 51 2 20 55 61 37
106 42 97 24 63 3 101 44 15 47 102 56 53 68 72 0 28 49 80 25 18 93 86 104 87 12 66 23 16 67 21 98 4 60 9 26 83 1 37 62 59 39 82 46 61 89 43 8 32 51 11 77 35 79 78 90 92 50 76 74 19 17 107 30 65 33 94 95 73 69 2 29 36 40 75 52 99 84 13 48 27 5 105 100 31 71 41 7 55 91 88 6 57 81 103 45 96 10 64 54 14 34 22 20 58 70 85 38
33 86 52 18 30 58 12 8 88 49 46 100 27 9 83 26 56 98 75 96 31 15 107 48 61 0 37 73 55 106 89 10 19 99 11 4 32 16 2 91 60 29 53 76 82 20 64 74 102 50 51 13 92 78 104 42 85 22 5 28 41 23 59 25 38 101 103 54 68 77 71 81 45 14 24 70 36 93 69 17 47 84 67 1 90 94 34 105 39 6 40 63 21 65 80 57 95 97 44 66 7 43 62 72 35 79 87 3
7 6 90 22 91 42 31 37 53 32 4 94 0 26 47 93 83 63 78 44 76 23 14 102 73 20 21 88 86 77 60 24 2 27 64 5 100 103 62 106 84 34 8 18 67 55 97 75 33 39 9 70 99 82 13 1 66 10 65 12 68 69 87 15 98 57 59 105 104 58 49 28 89 61 85 48 81 17 40 101 30 107 80 72 35 3 96 74 16 52 43 11 46 36 79 29 45 54 41 92 51 25 95 19 71 56 38 50
76 70 81 45 44 65 89 23 37 27 54 50 63 28 34 56 57 85 13 61 106 105 29 64 14 90 36 9 103 26 69 68 33 83 60 92 3 51 5 40 24 12 95 52 86 2 74 31 20 82 53 30 16 88 84 99 10 1 7 0 32 72 22 87 8 48 15 96 35 75 107 79 43 41 49 19 80 101 46 11 6 91 25 62 93 59 55 77 38 4 58 17 102 78 73 104 94 42 67 21 71 100 47 39 66 18 98 97
107 59 88 4 84 13 15 9 92 105 76 99 91 90 65 63 0 32 45 24 64 104 47 60 29 49 20 67 27 44 5 103 69 57 73 2 39 34 106 87 77 21 78 62 79 38 40 42 25 81 96 61 72 80 48 82 97 7 12 30 100 71 18 16 56 102 68 52 83 22 36 14 23 89 43 55 6 33 37 10 41 31 98 93 3 53 8 94 95 54 1 85 51 86 70 66 74 28 46 50 35 19 17 58 11 26 75 101
42 83 22 15 66 40 6 75 43 52 59 48 13 25 79 64 80 37 39 98 46 100 18 34 32 89 50 21 33 73 58 8 57 81 65 88 78 56 44 86 97 103 72 94 104 51 91 61 30 26 84 23 47 67 105 36 14 102 11 63 38 85 99 20 69 31 16 1 82 68 95 17 93 55 76 87 62 7 10 96 12 70 60 53 45 54 71 27 101 9 3 77 74 5 24 4 92 107 49 41 90 0 19 106 2 28 35 29
41 76 95 55 82 53 18 17 29 36 106 74 15 12 38 24 32 4 69 56 94 16 101 75 19 25 35 40 105 5 49 11 71 77 44 58 86 89 91 52 80 97 66 2 62 63 33 99 31 70 83 48 37 104 81 21 34 45 20 14 26 13 7 85 59 65 96 9 98 61 87 57 0 73 102 3 51 78 64 39 1 79 84 50 6 107 93 46 47 88 92 10 30 27 43 42 72 22 54 60 8 67 23 90 103 68 28 100
61 34 29 96 13 38 92 24 95 51 27 12 35 62 67 6 55 81 93 16 28 52 4 3 40 60 77 44 57 58 56 107 5 91 103 43 104 33 49 98 100 50 1 53 42 54 48 89 23 7 39 8 46 59 11 86 79 9 25 17 22 83 10 84 36 88 76 70 65 102 31 101 74 75 80 26 32 45 72 37 66 106 63 69 30 73 68 87 0 85 99 82 14 18 94 90 47 19 20 2 41 71 105 15 97 64 78 21
22 79 1 70 26 50 48 25 38 92 41 54 87 107 12 94 86 72 8 68 29 6 78 52 42 77 57 100 80 31 39 99 10 9 37 106 84 24 11 83 73 104 46 27 81 7 34 15 51 102 59 76 58 23 35 85 74 66 18 53 69 88 2 44 43 103 55 65 30 49 28 61 75 91 21 13 19 14 93 16 4 0 40 33 96 56 63 98 64 105 97 71 47 82 67 89 3 36 5 20 101 45 90 60 95 62 17 32
25 102 32 95 88 66 17 26 20 73 89 9 86 56 15 2 30 67 44 21 7 41 8 45 78 48 64 93 94 104 46 27 39 13 57 28 75 69 103 82 105 1 87 0 99 60 50 91 98 5 58 74 65 24 19 35 37 11 96 33 16 14 80 81 107 54 36 38 106 12 84 71 10 77 100 83 23 76 43 4 70 52 68 59 47 72 62 85 34 31 63 18 55 90 22 61 53 92 101 40 6 42 97 29 3 49 79 51
73 75 82 105 87 30 103 101 79 23 0 89 45 71 6 70 50 3 90 37 13 74 104 19 107 9 17 80 24 68 57 95 61 47 34 83 63 29 28 94 21 20 58 64 72 18 44 1 100 33 41 88 76 81 51 59 2 106 10 56 92 86 38 97 26 85 52 99 67 60 69 55 5 96 25 39 14 15 7 49 35 22 36 4 77 16 27 62 42 84 78 102 93 91 98 54 46 53 31 65 11 32 43 66 12 40 8 48
38 32 72 100 96 23 81 29 106 98 87 88 70 8 71 47 60 44 37 50 12 49 40 31 54 83 26 103 36 7 79 59 24 64 102 16 76 84 33 56 75 10 67 77 48 78 61 85 43 62 66 46 53 25 4 92 28 35 73 107 90 19 1 22 11 21 14 15 45 105 63 5 80 82 91 95 27 57 41 93 17 104 39 94 68 69 89 55 30 101 2 20 13 51 42 86 18 99 6 52 58 9 74 3 0 65 97 34
54 10 80 92 2 76 47 15 1 62 26 11 66 82 42 96 17 104 88 91 8 46 30 67 64 81 59 36 9 0 23 101 73 20 43 107 5 48 39 69 14 77 68 75 93 94 21 100 61 34 32 18 13 55 56 78 16 29 106 57 89 38 45 72 58 53 22 102 41 6 99 25 12 95 7 60 28 74 52 63 71 19 103 65 79 70 90 24 51 27 33 3 31 87 44 85 35 98 50 97 83 37 86 84 49 105 40 4
63 56 62 21 80 61 105 31 57 53 69 27 82 77 99 101 23 13 17 90 95 66 1 55 44 10 30 37 58 52 74 71 49 85 6 41 70 102 84 79 3 18 16 9 59 106 83 87 28 46 29 20 14 15 103 93 24 36 42 11 35 22 67 5 12 50 65 60 91 7 97 8 19 86 89 43 4 96 0 26 100 81 107 68 98 34 73 32 2 78 64 47 33 88 45 76 38 51 94 25 39 104 75 40 92 72 48 54
32 8 61 90 12 69 85 43 82 86 23 97 54 16 29 75 14 24 7 99 93 55 9 22 48 47 76 96 101 28 10 30 100 95 70 81 52 4 27 107 67 38 65 34 57 50 35 59 45 63 98 26 79 106 94 89 78 31 17 6 88 5 56 18 44 74 46 77 62 39 102 49 105 13 3 104 72 11 2 19 51 71 64 58 21 41 0 66 68 25 84 15 37 92 33 40 83 87 1 80 103 60 20 73 91 36 53 42
48 105 27 6 23 77 39 96 3 26 10 13 106 5 4 80 62 103 85 0 92 78 42 1 67 35 15 87 75 102 54 76 18 61 49 20 69 99 65 74 37 51 98 33 90 70 104 44 14 100 71 32 64 7 97 91 22 68 58 95 9 60 25 38 72 17 47 34 36 66 43 19 83 56 94 101 16 79 86 89 21 73 59 82 81 46 84 57 52 45 24 93 88 29 31 107 40 11 12 55 2 8 53 28 50 30 41 63
10 9 103 3 36 1 57 62 14 71 95 80 39 35 20 86 8 77 12 52 84 5 106 68 105 55 34 16 87 23 76 17 31 58 33 96 25 28 7 88 27 42 11 83 75 90 19 48 69 65 22 37 29 56 92 40 13 70 30 43 97 6 61 21 32 18 78 26 94 38 98 15 59 60 93 53 49 4 63 100 101 47 0 89 44 79 66 82 54 46 73 45 50 99 85 51 81 64 91 24 67 2 72 107 41 74 104 102
57 46 84 87 54 103 95 28 85 5 94 18 36 70 11 58 38 62 99 49 91 19 12 27 71 97 53 7 40 76 100 88 67 92 48 21 96 43 17 20 35 25 81 105 31 69 8 107 72 32 68 44 66 1 26 34 30 74 45 93 102 50 3 2 9 13 64 78 42 101 83 4 65 90 77 89 98 106 73 23 14 63 104 16 10 61 47 51 82 15 41 22 52 6 29 39 79 24 60 75 55 59 80 37 86 0 56 33
4 58 102 85 89 31 33 93 72 107 32 63 22 76 56 90 51 64 65 79 24 30 99 106 26 67 73 92 59 54 27 35 34 41 12 94 95 53 8 42 17 7 23 13 49 98 75 71 105 74 82 52 48 66 101 55 19 61 87 16 14 15 60 40 77 3 84 81 20 44 62 46 11 88 50 18 9 91 29 83 37 97 47 36 86 39 80 25 10 69 100 21 43 0 38 70 78 45 2 104 1 6 57 68 96 103 5 28
24 20 78 2 9 39 76 22 98 40 12 92 46 53 54 16 72 99 18 77 97 45 0 38 35 95 107 58 49 100 8 4 26 33 29 102 1 67 59 41 83 84 51 65 30 25 80 47 56 11 19 64 55 71 93 70 82 63 60 5 94 10 14 88 104 7 3 28 75 32 91 37 17 23 13 57 43 50 68 73 48 96 66 101 27 105 74 69 106 103 86 52 44 62 36 15 61 79 42 90 21 31 87 6 85 34 89 81
26 71 57 11 103 0 45 77 97 89 42 20 1 13 66 32 21 79 106 83 3 60 70 58 46 15 31 17 37 4 2 78 9 59 62 29 61 36 41 85 49 101 93 28 16 96 10 69 87 22 92 105 7 74 54 33 104 14 39 50 6 63 65 68 80 34 23 40 84 53 94 35 98 72 47 107 95 75 12 24 67 48 82 55 91 99 56 86 18 102 76 51 25 19 88 27 73 90 30 8 100 64 38 5 44 52 81 43
20 101 14 7 10 36 3 46 59 9 58 82 38 63 91 35 5 97 95 92 43 57 96 21 47 62 68 34 42 55 13 86 29 79 66 100 73 93 52 24 71 19 18 8 87 31 72 84 12 77 0 6 80 102 107 81 67 26 69 51 99 2 83 17 23 105 32 88 53 1 90 48 49 28 16 4 78 104 75 54 44 40 15 103 74 98 60 11 25 56 85 41 65 94 37 50 76 89 61 106 64 33 27 70 45 39 22 30
45 68 49 89 5 59 56 60 103 2 38 79 8 101 74 40 64 57 104 53 67 83 73 71 11 30 41 86 21 97 95 0 92 63 7 99 80 42 35 43 85 37 27 17 24 16 77 90 88 93 28 54 106 29 18 69 36 48 19 13 82 47 33 62 3 9 1 76 34 31 51 66 20 52 87 22 102 61 15 94 91 10 14 78 46 100 72 6 58 50 96 4 23 26 55 12 105 32 107 39 98 81 44 25 65 75 70 84
102 99 73 52 21 68 78 88 56 67 45 55 24 100 58 91 49 33 32 65 25 7 84 30 17 8 23 22 92 37 101 90 104 44 75 103 26 74 14 28 63 98 48 40 5 10 66 3 47 19 38 34 61 54 96 106 105 51 2 77 11 46 57 36 64 79 43 31 60 95 16 85 42 69 4 93 1 81 62 80 94 12 18 97 70 27 20 0 83 89 50 53 76 35 13 72 39 9 87 6 86 107 59 71 15 41 29 82
101 87 96 35 60 62 68 59 23 106 78 26 3 15 14 22 103 6 20 9 71 63 56 80 7 53 65 49 5 93 75 29 107 34 89 97 8 91 74 30 10 27 57 69 19 77 42 76 79 86 18 4 67 99 45 72 44 83 61 1 95 43 52 105 28 82 70 90 37 85 92 47 16 2 84 50 100 58 36 66 31 25 48 17 39 55 102 21 104 98 11 88 81 41 46 13 54 33 40 64 12 73 32 51 24 38 0 94
44 1 94 19 98 95 88 39 100 4 36 21 69 20 46 15 102 93 63 66 73 62 10 9 18 76 61 89 81 22 45 82 38 24 85 101 11 80 87 0 104 83 33 67 17 74 25 27 70 55 26 43 75 53 91 23 65 42 56 32 37 16 105 28 30 86 79 48 6 51 34 50 35 49 72 5 13 77 57 14 68 2 90 99 58 103 64 3 12 97 106 54 59 40 78 7 60 8 47 107 92 29 31 41 84 96 52 71
28 27 21 61 34 8 72 2 31 55 77 47 58 73 18 71 43 90 100 40 66 82 88 78 20 75 13 6 104 87 9 5 101 54 76 49 85 35 69 105 103 86 12 11 83 17 93 60 24 36 52 22 74 84 79 14 98 33 48 59 23 37 44 39 97 107 53 4 80 70 45 16 41 51 67 92 15 99 3 68 50 89 95 19 56 25 7 29 102 30 46 42 26 63 10 81 1 0 65 96 62 91 64 32 38 57 94 106
34 93 31 88 17 51 91 13 39 82 7 8 57 19 9 14 52 106 107 36 26 81 61 66 94 69 22 5 84 42 25 32 35 11 30 55 58 75 23 104 87 48 24 95 0 62 45 53 96 1 10 98 4 38 83 16 101 28 70 41 33 59 103 102 15 99 2 80 63 89 54 12 92 64 37 20 44 60 56 21 40 3 78 18 43 97 105 79 65 86 68 72 77 67 71 47 100 6 73 74 76 46 85 50 29 90 27 49
78 52 12 56 42 26 40 57 89 102 84 7 93 47 25 4 18 105 98 75 81 1 94 96 31 16 43 45 38 79 11 33 46 19 51 86 9 17 82 80 48 73 30 71 66 91 24 63 27 14 3 10 100 92 36 101 54 88 90 20 70 8 72 49 37 62 13 69 87 74 64 41 106 65 39 44 21 95 67 34 76 85 35 61 50 0 32 5 97 23 103 60 107 22 77 28 68 55 53 99 15 58 29 83 59 2 6 104
82 107 40 66 35 44 62 65 17 96 11 70 67 86 31 50 76 1 105 34 36 8 79 53 88 4 97 42 28 30 41 85 102 37 13 90 59 77 19 92 64 23 38 6 68 46 3 95 5 75 72 63 52 0 99 43 60 24 29 89 18 20 78 56 87 104 45 57 71 26 81 21 39 74 61 98 58 51 14 22 9 80 91 54 7 84 10 15 27 2 48 33 106 12 32 93 16 83 100 103 25 101 55 94 73 47 49 69
